Block:
486873693
TotalActiveOrders:
1
NegativeIncentivesNotAllowed:
true
MinDepositAmount:
10000000
Incentives:
[100,200,300,500,1000,1500,2500,5000,0,-100,-200,-300,-500,-1000,-1500,-2500,-5000]
EarliestValid:
[2,1,0,0,0,1,0,1,449,0,0,0,0,0,0,0,0]
CurrentOrderId:
[2,1,0,0,0,1,0,1,436,0,0,0,0,0,0,0,0]
ActiveOrderCount:
[0,0,0,0,0,0,0,0,1,0,0,0,0,0,0,0,0]
IncentiveAllowed:
[1,1,1,1,1,1,1,1,1,1,1,1,1,1,1,1,1]
QueMembers:
100|0|0x0000000000000000000000000000000000000000|0|0|2
0|0|0x0000000000000000000000000000000000000000|0|0|436
0|436|0x593DE19d12215C95D1FE3315d69055B9E01B70F0|16175821629|0|449
0|449|0x0000000000000000000000000000000000000000|0|436|0
