Block:
25595437
TotalActiveOrders:
1
NegativeIncentivesNotAllowed:
true
MinDepositAmount:
50000000
Incentives:
[100,200,300,500,1000,1500,2500,5000,0,-100,-200,-300,-500,-1000,-1500,-2500,-5000]
EarliestValid:
[0,0,0,0,0,0,0,0,5,0,0,0,0,0,0,0,0]
CurrentOrderId:
[0,0,0,0,0,0,0,0,4,0,0,0,0,0,0,0,0]
ActiveOrderCount:
[0,0,0,0,0,0,0,0,1,0,0,0,0,0,0,0,0]
IncentiveAllowed:
[1,1,1,1,1,1,1,1,1,1,1,1,1,1,1,1,1]
QueMembers:
0|0|0x0000000000000000000000000000000000000000|0|0|4
0|4|0x593DE19d12215C95D1FE3315d69055B9E01B70F0|19964759481|0|5
0|5|0x0000000000000000000000000000000000000000|0|4|0
