Block:
25595437
TotalActiveOrders:
0
NegativeIncentivesNotAllowed:
true
MinDepositAmount:
50000000
Incentives:
[100,200,300,500,1000,1500,2500,5000,0,-100,-200,-300,-500,-1000,-1500,-2500,-5000]
EarliestValid:
[3,0,0,0,0,0,0,0,71,0,0,0,0,0,0,0,0]
CurrentOrderId:
[3,0,0,0,0,0,0,0,71,0,0,0,0,0,0,0,0]
ActiveOrderCount:
[0,0,0,0,0,0,0,0,0,0,0,0,0,0,0,0,0]
IncentiveAllowed:
[1,1,1,1,1,1,1,1,1,1,1,1,1,1,1,1,1]
QueMembers:
100|0|0x0000000000000000000000000000000000000000|0|0|3
0|0|0x0000000000000000000000000000000000000000|0|0|71
