Block:
486873693
Addresses:
[0x56b668F57624661BA9387bAb7D06c5F4698a9225,0x4C333c8853F6B6766AF0EE357DdA74B2c7D06341,0x593DE19d12215C95D1FE3315d69055B9E01B70F0,0xCfF3EdA95c3866bE10c8D3A29EDA665fc82EF72a,0x4B9A22da2C2b6f3b61b232a70AB8f75C9080F93c,0xDfd3dE51Ab47102064E32b79E1EbC7E076eEf3b0,0x19a104fC8e27650e2E13a07a3d6E96F5A862e408,0x31b840764d541db4cD1df63dbBC1f606532ee3Ba,0xC3407F2CAC9371C3Ad49B6Ad8e284142e1EBDD24,0x6Cd9E9d855D028464640d1F4c9ce50422c2195Ba,0x5F32dC7cd0Bc7a5F6c29A5A65735D13a17c66355,0xfC9265A28f66CF4561D74A4E25D7Bbd3F482B8e6,0xEdb6E2E8265956F889e1f991676aE513374a9b2E,0xC167b6c615ccABf9465C8Ad1f0B3b5854C555673,0xE1531Ce52e10b0Db0B315a431e47faFB67B22B82,0xF13c89b0fBe2e8bfCd54F068568DAF6518D0Bb7E,0x896C20Da40c2A4df9B7C98B16a8D5A95129161a5,0x9d3c180159687891EE466ffa251Dc8a8Ea38c396,0x641AD78BAca220C5BD28b51Ce8e0F495e85Fe689,0x434df135FE3B2c58D3BDf16F61D8675A22a4333f,0x3E32265692e1d4ceEBDCb5c252bA1F1985e6d6E2,0x7179F0636c2e050d6D3C7B801FAdEf008F7E2779,0x025421D3e98D3bB7A33d6814Dd576eD8B9090077,0xaF2d6b2107780f96d8735209567dA392C0D34822,0xd9ca38b9f70F56912D596A9e177Dba74Df0A77fB,0xb51A5dc5f4e07bf5A54771196E2552c20Cf6524C,0x66a0f676479Cee1d7373f3DC2e2952778BfF5bd6,0xDD1fd41Ab88DB69fdb89DA74E2c4990c1E6AEBc4,0xa803c226c8281550454523191375695928DcFE92,0x23D143C5d1A0a3e07fF7B76fF56EcDb31d043F06,0x779804a7Ba585A5C6CF5Da09822e870E88D6a1EC,0x294689f62b01408C47Eeb0A621912f1d78CDF195,0xE4D73a188F0593E4FfF95F6a846963aCD7a77Ff3,0xab469d6049fb4Fa18CdCc9d8783423249329a3C3,0xa92dcfD269128F9F3F1634722542660e906e2a95,0xD49a083446BeEE8f2e8745Af612aD2689C2e60Cb,0x22079A848266A7D2E40CF0fF71a6573D78adcF37,0xa2267e7eeA7164161E37f95037250c9A3DccA30A,0xa422F5330e1E92CBbA82D122e923385f35377580,0xc473364Cf91C2Ff71Eebb8050e411Eb65F994DC3,0xF1e73F7d7656b9b00d970b58aaB3Bb19b5518060,0x9404f4B0846A2cD5c659c1edD52BA60abF1F10F4,0xc6C1b5fAC62b515604255c15FF02a25abbaC5e2e,0xe16A3dA24A612C18512CF831cc41D5925CE52D3e,0x9AED5B111E3c522BA1B938d7b7bD47AfE85CFA74,0xDEE6Bb20B7343A5432298B1e2a5726B5Eb88dF33,0x26408fdd7d5E4AE51002b1068637FD84e59DED62,0xA1213cA9B378a7B73D92fCc2Fe1dB4228A6459A7,0xa87Aa2e8E82843992261232566762155f1F7A575,0x36F2Fe0761d1C4a1E176b86B46402bA4c455220f]
Balances:
[46185534639,18741242440,0,16175821629,8000029825,7289740122,5229294072,5005000354,4020873773,3862221235,1158875500,1005200206,999999000,673403848,150000000,138370768,100400585,54009017,38037251,33273841,24431709,23000000,21000000,15000024,15000000,15000000,15000000,10000000,5620000,5000000,4386617,3000000,1350000,1000002,971699,100000,100000,10000,10000,1000,0,0,0,0,0,0,0,0,0,0]
ProxyBalances:
[0,0,16175821629,0,0,0,0,0,0,0,0,0,0,0,0,0,0,0,0,0,0,0,0,0,0,0,0,0,0,0,0,0,0,0,0,0,0,0,0,0,0,0,0,0,0,0,0,0,0,0]
CashedInterest:
[0,474,1099204154,0,0,1136,4259,0,280,0,0,31,0,588,9199831,7,3,0,0,43952350,0,0,0,0,0,0,0,32069,344520,1319581,1445,0,0,8278,1004,0,508864,67,75,12,17307,6431,204198,1674,16752319,3122710,98795,8255886,1333964,350578]
PendingInterest:
[143108675,12771140,7404566,0,8000486,56394760,50388409,728784195,5891204,338550974,16836983,36066277,6034502,383605,29247748,1657481,45958,241072,6037549,5170280,1564370,3469758,3660217,1542858,1519730,1519766,1544460,1949849,1095815,850938,789506,507352,115960,194985,169315,16397,17018,1949,1949,194,0,0,0,0,0,0,0,0,0,0]
TotalInterest:
[143108675,12771614,1106608720,0,8000486,56395896,50392668,728784195,5891484,338550974,16836983,36066308,6034502,384193,38447579,1657488,45961,241072,6037549,49122630,1564370,3469758,3660217,1542858,1519730,1519766,1544460,1981918,1440335,2170519,790951,507352,115960,203263,170319,16397,525882,2016,2024,206,17307,6431,204198,1674,16752319,3122710,98795,8255886,1333964,350578]
