Block:
25595437
Addresses:
[0x7B989968D1319d572c8ec052b5078432E5CB1321,0x56b668F57624661BA9387bAb7D06c5F4698a9225,0xAA8c83d200DfA3dAECBA8309Cde6A1F21ECb2976,0xb62a751584B55b9597509FC30fD04A73433Fa33c,0x628823c76F61aCb788Da812870aF17E9828A8Ca2,0x4C333c8853F6B6766AF0EE357DdA74B2c7D06341,0x3f400F5e33798D1fc15a9d1098F8Af8460d3CB90,0xd7D6652dfBff0EAeC699b800A5664c65cA12d42F,0x9A764Ffd185545070410214130Dde1B30Db1EA94,0x8fdc37cCa3728b5E301fba6eF214fe7031B4B041,0xd806D186BA15beCBB457623f0bb2d70EB853ebEd,0x38A10Ac935b32C654a8b7eE01481C63f8344Fe88,0x1df14BADb0F7324576c7048b51B9D8395C190525,0x9C6B5b7F45e58aFc49A774AADF7B63Aae14d05eB,0xfeB9AF4BB4A33B3cBE8306c2d7a83A7B0C24E758,0xC3407F2CAC9371C3Ad49B6Ad8e284142e1EBDD24,0x3796409bCa920971ea388685fd79D2dC4E9c02B8,0x289343d9C76BfB7b6f395a7E5507013B53Bd2e3D,0x3Dd95A35fEe7420abA7E28A09E39772B656C171e,0xa5F12DD9b3f2772e093093710b3511bA55f512e3,0xB07e9e09732491948A67a89d7D964B6383584b89,0xf18216D585356827DFEF9842Ed81304b12823A33,0x76dDc6B1Eb613f4323eF13cae0159f7EBe88638A,0x4C3bDe4ee0672edC87Fc6F51601908253A6d95c3,0xAB14bAeF10153CAb486D773b8354e3622915Ee59,0x38ABC5B0Bf7175454473B72f9502dbd336306605,0x735DbBF2152012C378a5204a421831BE8e3BFF55,0xC167b6c615ccABf9465C8Ad1f0B3b5854C555673,0x6Cd9E9d855D028464640d1F4c9ce50422c2195Ba,0x7FF2c92156883B7C6a569F0bdCD4B065974bD8bC,0x4024f697DB0cBE66eaAE9E1F3d3d7F9464458db0,0xA4cD2d39AC4d11123e0d1acE0Dc68c03274814C4,0x179C6C43Fb2Ba2Ce81c33fEA37D3760AbF1c185b,0x2d33A375f64E5755a0a53c0118F5c155ccEbeb4a,0x1A2a47fbcE177BB100BC94991E67C3092dB1e246,0xF13c89b0fBe2e8bfCd54F068568DAF6518D0Bb7E,0x5Ed577BC9ce4C6e2A8cc6AACd802c0Ca662baE41,0xFAB6022db0b58f04c3D5Cbd42EcDadbC5d5D37b1,0x759BdC2fc42EA0dC40FcF2FEE92f0Fa01aa3B832,0x057BAD2C4f7c75bA40D6945032C2b2f5dbb2d96C,0xB5C8F5Dbc349DE777F45ee09CAC1075218014eFB,0x0Ef7140A8762f65EAdB1A7AEAB895b944BC12cb4,0x62Fce67397d22770f19de4d011abe7E14482a839,0xBCf3389D2902B282BA53d10a8B26b555B5E8Cb37,0x4435dD590AC88E1f48dD09D97c5D3CeCbee0C157,0x6487D6d4EEF6B14e63C37f526c1698c967d367e8,0x22088e14e51755EF13D9EaAD8bd9B64b92bE2311,0xdF62Ec406686d36842f91a03AeF739CF974eF48e,0xFF7295097Afe8c4c18e6d1B342215b125708DC77,0xe16A3dA24A612C18512CF831cc41D5925CE52D3e,0x02cCD73256e260060B10d4f1268D35De9E34c14A,0x7694026a51602bD6Fd200881BCf4d6fEb338Ac58,0x753F08589fA3fAAB69FD13291Af55B0A12fcDD6A,0x854cd0e58092eEDCD73a625b6f23622b5A4d0566,0x818b8DF3a01891Ed7A31875B42c22Ffdec9d48d1,0xc3F3Cb1d9a92544BDc4c958ece249855F47bA73d,0x176E16D472624dFbF854b1A421bf818B4CdF9720,0x08cfF0b8a279823C55B7984c927e950C003230Eb,0x79B9BC246a239FBB9d9fd2D5576dB4E79f9f625E,0x795eC916BB8C172d4a12B510475475C0c5c4C85D,0x8752bBF1613C4E9f26060D0B8748E4b4004E53A8,0x142A534C60e16695cfE2aBab86f8DEcb85d568c0,0x1b5f9b1FcA6958d1abfba75B2d833d24bFAdB835,0xa5d3207A083999a0354A70A041CEA427128e4AC3,0x8FA1b6A8C74Ba28E22b722B96bf9cAF2AD162a0B,0xf15Af01ffDea26401BC214a819Cb7C8E9EE2A291,0x7cD31754aB6893B184FB9A7f952138d427927729,0xD860D9a03b28E7750e526Fe74DF801bA55eE666E,0x6CE7E1506Cdcd4269e3f3eB24fb2891e0a601C4F,0xF75649150f09Cf41cB06C888634B6aF814285dB4,0x41738367e2a0F83a92D7CB9062a548C524C2Cc4A,0x34b7E18D34a8A3E4c36Cf5D2c2Ae2AE4DD4AFe0b,0x5E247B3B395Cb06a149480Fb36F1339832e30C1b,0x3c193a99510D0Cdf095F61C136C360163603536f,0x9d3c180159687891EE466ffa251Dc8a8Ea38c396,0x641AD78BAca220C5BD28b51Ce8e0F495e85Fe689,0x22079A848266A7D2E40CF0fF71a6573D78adcF37,0xEB9d885A89d530659Adb1df9670a7425aE413479,0xfEccE90A2d76aC67A145366dcE0C970874f7391a,0x5bafBa9f7259c35C750BA8a08a0b44899f6EF064,0xa422F5330e1E92CBbA82D122e923385f35377580,0x9d33149C36a76F63616840dD990FAFA04fE59b86,0x770BDad78Da1C489C61C7bEd17d2cF432678FBFc,0x0c77204c991201F45708b0f37214cf9964c507B2,0x426350adBF83BD436D216b7b169bAe1235a571C0,0x11883f9D6BC965B8F3A207CdD41868daF2157eac,0x508eF254a661601e64aE7fC67F17e1c823F66D5F,0xabaF6a1c9aa171C2A5C1106781436caC3A153Ebe,0xaC9517A6c1aFC2bbC7a68e306F605Fa6E2179ca2,0x8F4bd12af883E13b164325C4E5346a35703e2C3D,0xf2361d4C08aEB2AF51075D2c5270Decfc588dc69,0x73D4BB1655D327edE08b33E2339460eF3d1CCb7A,0x86ec5BA4b3E057fABd9F7E0d396895206D2758e1,0x0bDF7C9177bC36eC34d62749c1504655CacE5C52,0xC30C16b1BE6EE86aF460C117155672a9c0D3F6F1,0x81a7f32cFa98C4d0212cb181e49F9E4A40356Bb5,0xf8e4a25f56672bfcd91E6D929D247dD1E2383C92,0x16987752671a2A21037b739deD65760C2a6d2Fa4,0x924763e2601e35d4881eE84F5824EbE69152c1Ff,0x2957ABDE30f5f960ABd8c342Df0e3D104CBD1175,0x26408fdd7d5E4AE51002b1068637FD84e59DED62]
Balances:
[550346873957,103065744576,24788559241,18579568366,16153628714,13474780711,12397846620,10459367698,5274131014,5000000000,4860391482,3718728434,3465898885,3354493024,2958192669,2311491507,2203582901,2199526981,2122052273,2028928943,1930012292,1841530000,1677693109,1500000000,1178610000,1058013897,785000318,584700229,513700000,484960085,461435543,389000000,376130000,269000000,257032749,231622541,200000000,176869863,86000000,83180000,82673687,79491252,70000000,56500000,50000000,31410000,29270000,22000000,19410000,17004618,15290382,15000000,15000000,15000000,12001010,12000000,11010009,11000000,11000000,10000164,10000122,10000000,10000000,10000000,10000000,10000000,10000000,10000000,10000000,10000000,9500000,8000000,6220521,5790000,4727209,2086322,1266688,1000000,1000000,100000,100000,40000,20000,10000,8208,4942,2528,2231,1000,0,0,0,0,0,0,0,0,0,0,0,0]
ProxyBalances:
[0,0,0,0,0,0,0,0,0,0,0,0,0,0,0,0,0,0,0,0,0,0,0,0,0,0,0,0,0,0,0,0,0,0,0,0,0,0,0,0,0,0,0,0,0,0,0,0,0,0,0,0,0,0,0,0,0,0,0,0,0,0,0,0,0,0,0,0,0,0,0,0,0,0,0,0,0,0,0,0,0,0,0,0,0,0,0,0,0,0,0,0,0,0,0,0,0,0,0,0,0]
CashedInterest:
[82577,0,0,0,0,0,0,0,1189,61635676,0,0,525,0,0,0,0,0,160,0,0,0,0,0,88,0,0,0,0,39,12,0,22841853,0,0,1244033,0,13,0,0,6426863,0,0,0,89607,0,0,0,0,16,0,0,0,0,735932,0,304240,0,0,0,0,0,0,0,0,0,0,0,361160,0,7306,0,56,0,0,4476867,10725,5872,0,0,0,583753,799,0,83981,1064109,144879,22064,15,217274,111139,96044,235564,21485,172761,404851,55998,165012,118454,13258,148910]
PendingInterest:
[4961832492,319337805,171396618,140127882,379956701,9181990,378897689,8383146,50523298,152404185,547374514,292855452,21334201,13889770,7377886,1078383,275656902,1008239,8970427,287128826,62729634,153834573,2288726,126181483,49478122,4522315,8105802,466855,56528798,4073590,3875988,3303801,26942175,43038471,3167223,1481174,3295213,3144506,9829574,3942263,4884891,8700859,8302369,6262127,4798995,3336707,4066791,320576,82789,1580048,1226544,1476225,1485461,1486338,2340232,1299219,2146984,1035480,1035497,975232,929076,421297,929347,732697,953503,904653,168861,146819,889963,975236,544884,778729,786105,863240,51073,37091,51889,93601,70417,19459,15521,2865,3900,1941,905,439,281,9,195,0,0,0,0,0,0,0,0,0,0,0,0]
TotalInterest:
[4961915069,319337805,171396618,140127882,379956701,9181990,378897689,8383146,50524487,214039861,547374514,292855452,21334726,13889770,7377886,1078383,275656902,1008239,8970587,287128826,62729634,153834573,2288726,126181483,49478210,4522315,8105802,466855,56528798,4073629,3876000,3303801,49784028,43038471,3167223,2725207,3295213,3144519,9829574,3942263,11311754,8700859,8302369,6262127,4888602,3336707,4066791,320576,82789,1580064,1226544,1476225,1485461,1486338,3076164,1299219,2451224,1035480,1035497,975232,929076,421297,929347,732697,953503,904653,168861,146819,1251123,975236,552190,778729,786161,863240,51073,4513958,62614,99473,70417,19459,15521,586618,4699,1941,84886,1064548,145160,22073,210,217274,111139,96044,235564,21485,172761,404851,55998,165012,118454,13258,148910]
