Block:
25595437
Addresses:
[0x0f63bDcE0f4f3531117E2ed2FE1484c5E40a75b5,0x593DE19d12215C95D1FE3315d69055B9E01B70F0,0x6Cd9E9d855D028464640d1F4c9ce50422c2195Ba,0x1df14BADb0F7324576c7048b51B9D8395C190525,0xC50Fd71A6eC8f963302cbfb396C4c39c7F7845FD,0xF13c89b0fBe2e8bfCd54F068568DAF6518D0Bb7E,0xC167b6c615ccABf9465C8Ad1f0B3b5854C555673,0x873F71588e0D46349dcB18355A9BD76d7dFC2919,0xac1f4754018F460Ed9F86206aFdC20C38c9b26C1,0x22079A848266A7D2E40CF0fF71a6573D78adcF37,0x142A534C60e16695cfE2aBab86f8DEcb85d568c0,0x176E16D472624dFbF854b1A421bf818B4CdF9720,0xE744cA4A0576973A58dbC57EDD41049e77651Ae0,0x641AD78BAca220C5BD28b51Ce8e0F495e85Fe689,0xEd377eC01C61b6f3FF8EC6ab1F6967a0a76E50C1,0x9d3c180159687891EE466ffa251Dc8a8Ea38c396,0xa422F5330e1E92CBbA82D122e923385f35377580,0x41397a5B1Fab0995678B65eE8C52fED8261788A7,0xe1aC57d1eCb0dceAFCbBeE3B8C90DDE1530D8933]
Balances:
[19964759481,0,14289644828,7470889239,1938690319,471944121,243639218,100777271,44000033,15146960,10000000,7410000,5000000,1103134,1000000,200000,10000,0,0]
ProxyBalances:
[0,19964759481,0,0,0,0,0,0,0,0,0,0,0,0,0,0,0,0,0]
CashedInterest:
[0,1072108700,0,1698,0,35,312,0,0,0,0,43051,0,8,0,0,0,565259,238585]
PendingInterest:
[0,6240854,169244487,45990737,25679078,147526,500472,1189297,5204155,1667668,767048,1445092,420641,114302,173217,31558,1943,0,0]
TotalInterest:
[0,1078349554,169244487,45992435,25679078,147561,500784,1189297,5204155,1667668,767048,1488143,420641,114310,173217,31558,1943,565259,238585]
