Block:
486873693
Addresses:
[0x4B9A22da2C2b6f3b61b232a70AB8f75C9080F93c,0x6dA99C5Fb94A130Ae73fB9aB10FEecBeDc02b372,0xC167b6c615ccABf9465C8Ad1f0B3b5854C555673,0xF13c89b0fBe2e8bfCd54F068568DAF6518D0Bb7E,0x9A764Ffd185545070410214130Dde1B30Db1EA94,0xb25Cb7da01D7C65E03C8c22644a6cBeBff30d12d,0xDC998da809192bc5b66384730D16eB0f120D7A6A,0x754b96eA3f589bFEB3d68FE28D0DaC58F7ee6D77,0x87112B5A78e4637026dC1FbDAEA8f724Da0296c2,0xDe84053020dc09974fe5eC802B60780Fd27BDA2e,0xad7841D28dA49A95a49B9095bDAE5c1373726E69,0x35125FBfC5948c2aa008e81f69D2f92877ec6E66,0xC0af8b10289B54b7A610441226c029fD62083306,0x78331f8aC89dd64bFA8b20763A0C067bD80C429a,0x04EB13991A9FFF0F96Ab2ede46E42B515898Efe0,0x585Cf81E0C34B08FB4234Afd97eFAb826b003849,0xE80D18C9C96F44507d5c56E61AD237C4e1FCB8cd,0xc7960021229aDbacddfb57990815ab599A275533,0x467a5839d5606b8393829afD26aaA5fb1835fb34,0xB8234D9a65CCC7136ad5240aF5970657D73275B2,0x8161Fe297FD5D9137A4f5bc8095Bcac72eDD1984,0xe2E304B1380BC6B3D1cc8566Fcb050111846d86D,0xD7b7b1E5602E151922F73D156b0A132f3ad82dFa,0x14549A8Ee0465590223f4e3aec1C5CE80Ada2aB8,0x152A72D776A8F16b117371020d64DFFaFa10624f,0x8ED59788c27FF1eFa9012B7A14955f42e2B30cf8,0x9F043B1883AF42D4AA2847447e19858dD443CB8B,0x1e4E181Aa9601Fb340Bc2144831Fdd76446CA5EA,0x779804a7Ba585A5C6CF5Da09822e870E88D6a1EC,0x22079A848266A7D2E40CF0fF71a6573D78adcF37,0x9d3c180159687891EE466ffa251Dc8a8Ea38c396,0x641AD78BAca220C5BD28b51Ce8e0F495e85Fe689,0x87aD33bb68a5fD2296dC4e4F723F5F56Ff84E397,0xa92dcfD269128F9F3F1634722542660e906e2a95,0xbD08462143a9838fd3B80F092953729356405193,0xeC0463172B0690183e1d6bFa0e1C6B7091bD2A4d,0x8755615532F58aF642081411aDEc265368A4Bd22,0xa422F5330e1E92CBbA82D122e923385f35377580,0xa2267e7eeA7164161E37f95037250c9A3DccA30A,0x2570A1E885F88657e8a2204839E2AB8796606159,0x2711388BaA9d41Fa71D5E91d45ff8Dd9b6dE2d53,0x02cCD73256e260060B10d4f1268D35De9E34c14A,0xa5d3207A083999a0354A70A041CEA427128e4AC3,0xDf357C4Df6912412D282Bc741cb8Dd42d23b6057,0xc5FD46E9ECe89BbC74c6F9724A08410024747c1B,0xB5bb3DEeC17C91E443aF2C4D4FD0626c287F97bC,0x7cD31754aB6893B184FB9A7f952138d427927729,0x79B9BC246a239FBB9d9fd2D5576dB4E79f9f625E,0x67Fc77580A3a38bdC723Cf754312a3b3b02072E7,0xD97D2ce8086510C2972cad8076efaF84A6f579AF,0xf355845fb3a2E26D29cBBd111D5022A147eaf743,0x88aFfb887a47550580Ee1d9e138935A16B120b73,0x21d1559e2A461b36c6a7d9800120db3Aa4cbEA38,0x6984b4839DE11a8e3d76abf2095feAa191995399,0x56b668F57624661BA9387bAb7D06c5F4698a9225,0x22EE505772Ed6846E31Cdc160882DccdA4cAD9c8,0xcaf0FBAEaBA271049A29903446E19bff1d99b4A0,0x9e389B3dFb0ae068195866F3d95599A8F20c5A39,0x1AeAc441842826eB79602d5A87b9dE972212104f,0x7f31bdD729398dB00B7B1D5ec2A64d4fA25D18C2]
Balances:
[10000815194,630000000,558673166,253833543,108337780,15115955,10000000,10000000,10000000,10000000,10000000,10000000,10000000,10000000,10000000,10000000,10000000,10000000,5000000,5000000,5000000,5000000,5000000,5000000,5000000,5000000,5000000,5000000,4200000,3839321,1057836,1033926,1000000,106615,48423,20175,10014,10000,10000,0,0,0,0,0,0,0,0,0,0,0,0,0,0,0,0,0,0,0,0,0]
ProxyBalances:
[0,0,0,0,0,0,0,0,0,0,0,0,0,0,0,0,0,0,0,0,0,0,0,0,0,0,0,0,0,0,0,0,0,0,0,0,0,0,0,0,0,0,0,0,0,0,0,0,0,0,0,0,0,0,0,0,0,0,0,0]
CashedInterest:
[0,0,0,175859,0,0,1889,0,0,0,0,0,0,0,0,0,0,0,0,0,0,0,0,0,0,0,0,0,116992,908199,0,0,0,56161,19678,0,789,95,67,21539,36782,11887,21521,18578,28766,78070,281018,582278,16742,9497,362033,91703,68609,573844,54227,11551309,40,21,1000552,45]
PendingInterest:
[9526711,7553775,1149201,2127442,5487176,401259,146229,800353,800363,833156,843995,849384,880832,880846,896136,913239,913249,0,416499,416541,416550,416554,416564,440404,448073,448078,456616,914924,672935,311628,49334,107149,183227,980,3601,3700,834,1949,1949,0,0,0,0,0,0,0,0,0,0,0,0,0,0,0,0,0,0,0,0,0]
TotalInterest:
[9526711,7553775,1149201,2303301,5487176,401259,148118,800353,800363,833156,843995,849384,880832,880846,896136,913239,913249,0,416499,416541,416550,416554,416564,440404,448073,448078,456616,914924,789927,1219827,49334,107149,183227,57141,23279,3700,1623,2044,2016,21539,36782,11887,21521,18578,28766,78070,281018,582278,16742,9497,362033,91703,68609,573844,54227,11551309,40,21,1000552,45]
